#GPR
[1] 339 637 16 14 11 14 12 -95 71 -1
[12] 1 -2
[15] 2 -1
[18] 1 -198 -75 101 91 -184
[25] 178 -110 101 86
[30] -83 -21 72 -196
[35] 103 -99 66 66 -104 -86 88 95 -208
[45] 201 -101 104 104 86 -90 87 83 -194
[55] 198 -97 99 99
[60] -24 -104 2 -3
#FPR
#MEM
[0] -1
[2] 1 -2
[5] 2 -1
[8] 1
[100] 101 129 141 132 67 53 76 79 78 64 48 28 14 15 20 40 116 146 118 49 49 72 84 80 65 106 87 60 49 25 21 12 156 95 34 42 49 51 55 52 15 76 70 43 44 47 42 38 92 16 30 29 25 16 16 16 6 22 15 8 13 48 38 58 12 18 15 9 12 10 10 7 10 5 6 6 5 5 36 72 16 10 10 9 10 8 8 8 12 35 57 16 3 6 2 37 15 6 9 15 10 15 5 12 17 76 165 99 28 5 17 21 9 8 10 39 19 31 15 19 15 54 158 161 120 27 37 36 28 10 11 36 52 8 23 18 9 128 169 164 148 66 23 53 54 25 11 39 52 54 21 31 113 157 156 155 110 68 57 48 76 61 41 29 41 69 76 91 109 131 149 126 102 71 60 53 73 77 62 61 54 38 43 46 70 48 63 74 113 111 101 69 76 73 73 76 61 61 47 57 63 50 55 76 75 82 80 63 80 78 75 79 74 72 69 69 75 76 86 90 95 83 91 72 91 92 93 87 83 84 82 85 92 98 104 97 99 98 98 68 93 96 97 110 105 97 98 102 110 107 101 97 104 99 86 66
[417] -78 -244 -197 -24 85 43 -76 61 69 -161 -136 -79 -52 -10
[433] -304 -190 -44 28 38 10 -109 80 141 -126 -92 13 -7 -21
[449] -243 -36 2 -16 -14 -2 -60 34 69 -60 -31 83 79 78
[465] -62 -6 -11 -12 -15 -6 -6 29 46 -31 -58 28 86 175
[481] -15 -2 -2 -1 -11 -6 20 116 234 -14 -246 -115 18 145
[497] -17 48 11 -9 -16 -18 28 190 484 134 -366 -332 -106 72
[513] -21 97 60 -44 -42 -17 -2 244 594 273 -234 -460 -302 21
[529] -76 97 132 -49 -93 -15 64 381 506 177 -126 -417 -386 -37
[545] -138 22 123 42 -56 -14 203 402 286 27 -160 -327 -273 -71
[561] -124 -66 33 72 28 29 185 208 116 14 -90 -160 -149 -98
[577] -60 -61 -28 -21 -1 34 103 37 18 73 73 25 -61 -121
[593] -22 -9 -33 -60 -44 -3 65 -5 -12 92 99 42 -6 -91
[609] -11
[611] -24 -32 -25 -9 38 20 26 53 33 -7 -4 -71
[625] 3 5 -13 -26 -14 4 38 38 26 2 2 -3 -24 -104