400  0
401  0
402  0
403  0
404  0
405  0
406  0
407  0
408  0
409  0
410  0
411  0
412  0
413  0
414  0
415  0
416  0
417  -78
418  -244
419  -197
420  -24
421  85
422  43
423  -76
424  61
425  69
426  -161
427  -136
428  -79
429  -52
430  -10
431  0
432  0
433  -304
434  -190
435  -44
436  28
437  38
438  10
439  -109
440  80
441  141
442  -126
443  -92
444  13
445  -7
446  -21
447  0
448  0
449  -243
450  -36
451  2
452  -16
453  -14
454  -2
455  -60
456  34
457  69
458  -60
459  -31
460  83
461  79
462  78
463  0
464  0
465  -62
466  -6
467  -11
468  -12
469  -15
470  -6
471  -6
472  29
473  46
474  -31
475  -58
476  28
477  86
478  175
479  0
480  0
481  -15
482  -2
483  -2
484  -1
485  -11
486  -6
487  20
488  116
489  234
490  -14
491  -246
492  -115
493  18
494  145
495  0
496  0
497  -17
498  48
499  11
500  -9
501  -16
502  -18
503  28
504  190
505  484
506  134
507  -366
508  -332
509  -106
510  72
511  0
512  0
513  -21
514  97
515  60
516  -44
517  -42
518  -17
519  -2
520  244
521  594
522  273
523  -234
524  -460
525  -302
526  21
527  0
528  0
529  -76
530  97
531  132
532  -49
533  -93
534  -15
535  64
536  381
537  506
538  177
539  -126
540  -417
541  -386
542  -37
543  0
544  0
545  -138
546  22
547  123
548  42
549  -56
550  -14
551  203
552  402
553  286
554  27
555  -160
556  -327
557  -273
558  -71
559  0
560  0
561  -124
562  -66
563  33
564  72
565  28
566  29
567  185
568  208
569  116
570  14
571  -90
572  -160
573  -149
574  -98
575  0
576  0
577  -60
578  -61
579  -28
580  -21
581  -1
582  34
583  103
584  37
585  18
586  73
587  73
588  25
589  -61
590  -121
591  0
592  0
593  -22
594  -9
595  -33
596  -60
597  -44
598  -3
599  65
600  -5
601  -12
602  92
603  99
604  42
605  -6
606  -91
607  0
608  0
609  -11
610  0
611  -24
612  -32
613  -25
614  -9
615  38
616  20
617  26
618  53
619  33
620  -7
621  -4
622  -71
623  0
624  0
625  3
626  5
627  -13
628  -26
629  -14
630  4
631  38
632  38
633  26
634  2
635  2
636  -3
637  -24
638  -104
639  0
640  0
641  0
642  0
643  0
644  0
645  0
646  0
647  0
648  0
649  0
650  0
651  0
652  0
653  0
654  0
655  0